# Name=P32722.1
# pos	aa	label	Other	Sec/SPI n	Sec/SPI h	Sec/SPI c	Sec/SPII n	Sec/SPII h	Sec/SPII cys	Tat/SPI n	Tat/SPI RR	Tat/SPI h	Tat/SPI c	Tat/SPII n	Tat/SPII RR	Tat/SPII h	Tat/SPII cys	Sec/SPIII P	Sec/SPIII cons.	Sec/SPIII h
1	M	N	0.172092	0.827175	0.000000	0.000000	0.000698	0.000000	0.000000	0.000024	0.000000	0.000000	0.000000	0.000002	0.000000	0.000000	0.000000	0.000004	0.000000	0.000000
2	K	N	0.172092	0.805803	0.021368	0.000000	0.000668	0.000030	0.000000	0.000018	0.000005	0.000001	0.000000	0.000001	0.000000	0.000000	0.000000	0.000004	0.000000	0.000000
3	V	N	0.172092	0.648935	0.178230	0.000004	0.000500	0.000198	0.000000	0.000018	0.000002	0.000004	0.000000	0.000001	0.000000	0.000000	0.000000	0.000003	0.000001	0.000000
4	M	N	0.172093	0.559351	0.267781	0.000035	0.000397	0.000300	0.000000	0.000016	0.000002	0.000006	0.000000	0.000001	0.000000	0.000000	0.000000	0.000003	0.000001	0.000000
5	K	N	0.172104	0.470224	0.356863	0.000068	0.000316	0.000376	0.000005	0.000010	0.000004	0.000010	0.000000	0.000001	0.000000	0.000001	0.000000	0.000002	0.000001	0.000000
6	W	H	0.172135	0.205223	0.621843	0.000060	0.000135	0.000550	0.000008	0.000008	0.000002	0.000013	0.000000	0.000001	0.000000	0.000001	0.000000	0.000001	0.000002	0.000000
7	S	H	0.172164	0.070768	0.756261	0.000078	0.000047	0.000632	0.000006	0.000006	0.000001	0.000017	0.000000	0.000000	0.000000	0.000001	0.000000	0.000001	0.000002	0.000001
8	A	H	0.172191	0.023960	0.802989	0.000135	0.000017	0.000652	0.000010	0.000004	0.000001	0.000019	0.000000	0.000000	0.000000	0.000001	0.000000	0.000000	0.000001	0.000001
9	I	H	0.172226	0.008658	0.818115	0.000288	0.000006	0.000646	0.000017	0.000003	0.000001	0.000020	0.000000	0.000000	0.000000	0.000002	0.000000	0.000000	0.000001	0.000001
10	A	H	0.172274	0.003287	0.823064	0.000679	0.000003	0.000627	0.000023	0.000002	0.000001	0.000021	0.000000	0.000000	0.000000	0.000002	0.000000	0.000000	0.000001	0.000001
11	L	H	0.172339	0.001277	0.824085	0.001628	0.000001	0.000594	0.000034	0.000002	0.000000	0.000022	0.000000	0.000000	0.000000	0.000002	0.000000	0.000000	0.000000	0.000001
12	A	H	0.172425	0.000543	0.822104	0.004297	0.000000	0.000555	0.000040	0.000001	0.000000	0.000022	0.000000	0.000000	0.000000	0.000002	0.000000	0.000000	0.000000	0.000001
13	V	H	0.172535	0.000251	0.815678	0.010945	0.000000	0.000501	0.000054	0.000001	0.000000	0.000022	0.000000	0.000000	0.000000	0.000001	0.000000	0.000000	0.000000	0.000001
14	S	H	0.172672	0.000130	0.797306	0.029353	0.000000	0.000438	0.000063	0.000001	0.000000	0.000022	0.000001	0.000000	0.000000	0.000001	0.000000	0.000000	0.000000	0.000000
15	A	H	0.172877	0.000068	0.762143	0.064440	0.000000	0.000353	0.000085	0.000001	0.000000	0.000022	0.000002	0.000000	0.000000	0.000001	0.000000	0.000000	0.000000	0.000000
16	G	H	0.173141	0.000036	0.685540	0.140896	0.000000	0.000276	0.000077	0.000000	0.000000	0.000020	0.000003	0.000000	0.000000	0.000001	0.000000	0.000000	0.000000	0.000000
17	S	H	0.173471	0.000020	0.545875	0.280327	0.000000	0.000225	0.000052	0.000000	0.000000	0.000018	0.000005	0.000000	0.000000	0.000001	0.000000	0.000000	0.000000	0.000000
18	T	H	0.173934	0.000009	0.379966	0.445838	0.000000	0.000181	0.000043	0.000000	0.000000	0.000015	0.000009	0.000000	0.000000	0.000000	0.000000	0.000000	0.000000	0.000000
19	Q	C	0.174534	0.000004	0.191806	0.633446	0.000000	0.000143	0.000038	0.000000	0.000000	0.000010	0.000013	0.000000	0.000000	0.000000	0.000000	0.000000	0.000000	0.000000
20	F	C	0.175733	0.000001	0.095431	0.728663	0.000000	0.000104	0.000039	0.000000	0.000000	0.000006	0.000017	0.000000	0.000000	0.000000	0.000000	0.000000	0.000000	0.000000
21	A	C	0.177204	0.000001	0.009399	0.813261	0.000000	0.000077	0.000027	0.000000	0.000000	0.000002	0.000021	0.000000	0.000000	0.000000	0.000000	0.000000	0.000000	0.000000
22	V	C	0.189264	0.000000	0.001393	0.809235	0.000000	0.000036	0.000040	0.000000	0.000000	0.000000	0.000021	0.000000	0.000000	0.000000	0.000000	0.000000	0.000000	0.000000
23	A	C	0.252614	0.000000	0.000155	0.747162	0.000000	0.000010	0.000027	0.000000	0.000000	0.000000	0.000018	0.000000	0.000000	0.000000	0.000000	0.000000	0.000000	0.000000
24	D	O	0.896209	0.000000	0.000132	0.103631	0.000000	0.000002	0.000008	0.000000	0.000000	0.000000	0.000004	0.000000	0.000000	0.000000	0.000000	0.000000	0.000000	0.000000
25	A	O	0.941316	0.000000	0.000093	0.058570	0.000000	0.000001	0.000001	0.000000	0.000000	0.000000	0.000002	0.000000	0.000000	0.000000	0.000000	0.000000	0.000000	0.000000
26	F	O	0.964510	0.000000	0.000066	0.035401	0.000000	0.000000	0.000000	0.000000	0.000000	0.000000	0.000001	0.000000	0.000000	0.000000	0.000000	0.000000	0.000000	0.000000
27	V	O	0.977996	0.000000	0.000046	0.021939	0.000000	0.000000	0.000000	0.000000	0.000000	0.000000	0.000001	0.000000	0.000000	0.000000	0.000000	0.000000	0.000000	0.000000
28	S	O	0.985839	0.000000	0.000031	0.014111	0.000000	0.000000	0.000000	0.000000	0.000000	0.000000	0.000000	0.000000	0.000000	0.000000	0.000000	0.000000	0.000000	0.000000
29	D	O	0.990232	0.000000	0.000019	0.009731	0.000000	0.000000	0.000000	0.000000	0.000000	0.000000	0.000000	0.000000	0.000000	0.000000	0.000000	0.000000	0.000000	0.000000
30	Q	O	0.993223	0.000000	0.000013	0.006747	0.000000	0.000000	0.000000	0.000000	0.000000	0.000000	0.000000	0.000000	0.000000	0.000000	0.000000	0.000000	0.000000	0.000000
31	A	O	0.995234	0.000000	0.000008	0.004740	0.000001	0.000000	0.000000	0.000000	0.000000	0.000000	0.000000	0.000000	0.000000	0.000000	0.000000	0.000000	0.000000	0.000000
32	E	O	0.996637	0.000000	0.000005	0.003341	0.000001	0.000000	0.000000	0.000000	0.000000	0.000000	0.000000	0.000000	0.000000	0.000000	0.000000	0.000000	0.000000	0.000000
33	A	O	0.997678	0.000000	0.000003	0.002306	0.000002	0.000000	0.000000	0.000000	0.000000	0.000000	0.000000	0.000000	0.000000	0.000000	0.000000	0.000001	0.000000	0.000000
34	K	O	0.998492	0.000000	0.000002	0.001490	0.000002	0.000001	0.000000	0.000000	0.000000	0.000000	0.000000	0.000000	0.000000	0.000000	0.000000	0.000001	0.000000	0.000000
35	G	O	0.998991	0.000001	0.000002	0.000991	0.000004	0.000001	0.000000	0.000000	0.000000	0.000000	0.000000	0.000000	0.000000	0.000000	0.000000	0.000001	0.000000	0.000000
36	F	O	0.999372	0.000001	0.000001	0.000605	0.000005	0.000002	0.000000	0.000001	0.000000	0.000000	0.000000	0.000000	0.000000	0.000000	0.000000	0.000002	0.000000	0.000000
37	I	O	0.999599	0.000001	0.000001	0.000373	0.000007	0.000003	0.000000	0.000001	0.000000	0.000000	0.000000	0.000000	0.000000	0.000000	0.000000	0.000003	0.000000	0.000000
38	E	O	0.999743	0.000001	0.000001	0.000228	0.000009	0.000005	0.000000	0.000002	0.000000	0.000000	0.000000	0.000000	0.000000	0.000000	0.000000	0.000004	0.000001	0.000000
39	D	O	0.999822	0.000001	0.000001	0.000138	0.000011	0.000009	0.000000	0.000003	0.000000	0.000001	0.000000	0.000000	0.000000	0.000000	0.000000	0.000006	0.000001	0.000001
40	S	O	0.999866	0.000000	0.000001	0.000081	0.000013	0.000016	0.000000	0.000004	0.000000	0.000001	0.000000	0.000000	0.000000	0.000000	0.000000	0.000007	0.000003	0.000001
41	S	O	0.999885	0.000000	0.000001	0.000047	0.000013	0.000025	0.000001	0.000005	0.000001	0.000003	0.000000	0.000000	0.000000	0.000000	0.000000	0.000008	0.000005	0.000002
42	L	O	0.999889	0.000000	0.000001	0.000026	0.000012	0.000036	0.000001	0.000006	0.000001	0.000005	0.000000	0.000000	0.000000	0.000001	0.000000	0.000009	0.000009	0.000003
43	D	O	0.999882	0.000000	0.000001	0.000015	0.000010	0.000048	0.000002	0.000006	0.000001	0.000007	0.000001	0.000000	0.000000	0.000001	0.000000	0.000008	0.000013	0.000006
44	L	O	0.999869	0.000000	0.000001	0.000009	0.000007	0.000058	0.000004	0.000007	0.000001	0.000010	0.000001	0.000000	0.000000	0.000001	0.000000	0.000007	0.000015	0.000012
45	L	O	0.999854	0.000000	0.000001	0.000005	0.000005	0.000065	0.000007	0.000008	0.000002	0.000012	0.000002	0.000000	0.000000	0.000002	0.000000	0.000006	0.000016	0.000018
46	L	O	0.999838	0.000000	0.000001	0.000004	0.000003	0.000066	0.000012	0.000008	0.000002	0.000015	0.000004	0.000000	0.000000	0.000002	0.000000	0.000005	0.000017	0.000025
47	R	O	0.999830	0.000000	0.000001	0.000003	0.000002	0.000060	0.000018	0.000010	0.000002	0.000017	0.000006	0.000000	0.000000	0.000002	0.000001	0.000005	0.000015	0.000031
48	N	O	0.999834	0.000000	0.000001	0.000002	0.000002	0.000042	0.000030	0.000011	0.000002	0.000018	0.000010	0.000000	0.000000	0.000002	0.000001	0.000005	0.000011	0.000033
49	Y	O	0.999859	0.000000	0.000001	0.000002	0.000003	0.000024	0.000026	0.000013	0.000002	0.000019	0.000015	0.000000	0.000000	0.000002	0.000001	0.000008	0.000009	0.000024
50	Y	O	0.999882	0.000000	0.000000	0.000002	0.000004	0.000017	0.000013	0.000015	0.000002	0.000017	0.000019	0.000001	0.000000	0.000002	0.000001	0.000012	0.000007	0.000014
51	F	O	0.999884	0.000000	0.000000	0.000001	0.000005	0.000013	0.000009	0.000015	0.000002	0.000017	0.000022	0.000001	0.000000	0.000001	0.000001	0.000016	0.000008	0.000011
52	N	O	0.999877	0.000000	0.000000	0.000001	0.000006	0.000012	0.000008	0.000016	0.000002	0.000016	0.000024	0.000001	0.000000	0.000001	0.000002	0.000020	0.000010	0.000012
53	R	O	0.999868	0.000000	0.000000	0.000001	0.000008	0.000011	0.000008	0.000017	0.000003	0.000015	0.000025	0.000001	0.000000	0.000001	0.000002	0.000024	0.000011	0.000013
54	D	O	0.999851	0.000000	0.000000	0.000001	0.000010	0.000011	0.000008	0.000020	0.000003	0.000016	0.000027	0.000001	0.000000	0.000002	0.000002	0.000029	0.000013	0.000016
55	G	O	0.999824	0.000000	0.000000	0.000000	0.000014	0.000012	0.000008	0.000024	0.000003	0.000018	0.000031	0.000002	0.000001	0.000002	0.000003	0.000035	0.000015	0.000019
56	K	O	0.999791	0.000000	0.000000	0.000000	0.000020	0.000013	0.000009	0.000028	0.000004	0.000021	0.000037	0.000002	0.000001	0.000002	0.000004	0.000043	0.000016	0.000021
57	S	O	0.999736	0.000000	0.000000	0.000000	0.000029	0.000016	0.000010	0.000038	0.000005	0.000026	0.000044	0.000003	0.000001	0.000003	0.000005	0.000054	0.000019	0.000023
58	G	O	0.999657	0.000000	0.000000	0.000000	0.000045	0.000021	0.000011	0.000051	0.000006	0.000032	0.000054	0.000004	0.000002	0.000004	0.000007	0.000072	0.000022	0.000027
59	S	O	0.999535	0.000000	0.000000	0.000000	0.000070	0.000029	0.000014	0.000070	0.000010	0.000042	0.000066	0.000007	0.000003	0.000006	0.000009	0.000098	0.000026	0.000033
60	G	O	0.999352	0.000000	0.000000	0.000000	0.000109	0.000043	0.000016	0.000101	0.000014	0.000056	0.000083	0.000010	0.000004	0.000008	0.000012	0.000141	0.000029	0.000038
61	D	O	0.999052	0.000000	0.000000	0.000000	0.000170	0.000071	0.000019	0.000147	0.000023	0.000083	0.000108	0.000014	0.000006	0.000013	0.000016	0.000209	0.000037	0.000043
62	R	O	0.998569	0.000000	0.000000	0.000000	0.000249	0.000134	0.000024	0.000223	0.000034	0.000129	0.000152	0.000021	0.000008	0.000024	0.000023	0.000317	0.000054	0.000054
63	V	O	0.997819	0.000000	0.000000	0.000000	0.000331	0.000262	0.000030	0.000350	0.000041	0.000212	0.000223	0.000032	0.000009	0.000045	0.000033	0.000458	0.000099	0.000069
64	D	O	0.996698	0.000000	0.000000	0.000000	0.000405	0.000476	0.000050	0.000501	0.000052	0.000334	0.000380	0.000042	0.000009	0.000085	0.000049	0.000629	0.000194	0.000105
65	W	O	0.995478	0.000000	0.000000	0.000000	0.000330	0.000819	0.000111	0.000559	0.000048	0.000577	0.000539	0.000042	0.000004	0.000151	0.000083	0.000655	0.000445	0.000169
66	T	O	0.994408	0.000000	0.000000	0.000000	0.000100	0.001240	0.000197	0.000393	0.000032	0.000941	0.000737	0.000021	0.000000	0.000247	0.000118	0.000453	0.000750	0.000371
67	Q	O	0.993752	0.000000	0.000000	0.000000	0.000000	0.001340	0.000449	0.000224	0.000000	0.000968	0.001101	0.000000	0.000000	0.000308	0.000185	0.000181	0.000839	0.000660
68	G	O	0.993819	0.000000	0.000000	0.000000	0.000000	0.000904	0.000919	0.000000	0.000000	0.000747	0.001455	0.000000	0.000000	0.000308	0.000288	0.000000	0.000519	0.001042
69	F	O	0.994866	0.000000	0.000000	0.000000	0.000000	0.000000	0.001342	0.000000	0.000000	0.000000	0.001833	0.000000	0.000000	0.000000	0.000762	0.000000	0.000000	0.001200
70	L	O	1.000000	0.000000	0.000000	0.000000	0.000000	0.000000	0.000000	0.000000	0.000000	0.000000	0.000000	0.000000	0.000000	0.000000	0.000000	0.000000	0.000000	0.000000
